%YAML:1.0
Detector offset: [ -2.4325586855411530e-003, 7.5943343341350555e-002,
    2.6292617321014404e+000 ]
Detector: "./haarcascades/haarcascade_frontalface_default.xml"
reference: !!opencv-matrix
   rows: 152
   cols: 1
   dt: f
   data: [ -1.53261766e-001, -6.80753142e-002, -1.54555574e-001,
       -1.77951548e-002, -1.49707317e-001, 2.87823919e-002,
       -1.39167801e-001, 7.77601302e-002, -1.18855029e-001,
       1.23219229e-001, -8.73853564e-002, 1.55388385e-001,
       -4.70504090e-002, 1.79118872e-001, -4.07146747e-011,
       1.87799990e-001, 4.70504090e-002, 1.79118872e-001,
       8.73853564e-002, 1.55388385e-001, 1.18855029e-001,
       1.23219229e-001, 1.39167801e-001, 7.77601302e-002,
       1.49707317e-001, 2.87823919e-002, 1.54555574e-001,
       -1.77951548e-002, 1.53261766e-001, -6.80753142e-002,
       1.22197822e-001, -9.84358713e-002, 9.47912484e-002,
       -1.21584401e-001, 6.17357828e-002, -1.21362910e-001,
       3.11486665e-002, -1.02878980e-001, 6.33754656e-002,
       -1.03436604e-001, 9.31794420e-002, -1.04189917e-001,
       -1.22197822e-001, -9.84358713e-002, -9.47912484e-002,
       -1.21584401e-001, -6.17357828e-002, -1.21362910e-001,
       -3.11486665e-002, -1.02878980e-001, -6.33754656e-002,
       -1.03436604e-001, -9.31794420e-002, -1.04189917e-001,
       -9.72972736e-002, -6.75942302e-002, -7.18212947e-002,
       -8.14420357e-002, -4.47041765e-002, -6.71064034e-002,
       -7.17219189e-002, -5.88643812e-002, -7.13476092e-002,
       -7.08786473e-002, 9.72972736e-002, -6.75942302e-002,
       7.18212947e-002, -8.14420357e-002, 4.47041728e-002,
       -6.71064034e-002, 7.17219189e-002, -5.88643812e-002,
       7.13476092e-002, -7.08786473e-002, -1.72826108e-002,
       -6.99224621e-002, -2.27279123e-002, -2.64315978e-002,
       -4.71410826e-002, 2.72081140e-003, -3.63511555e-002,
       2.22642720e-002, -4.23652016e-011, 2.92507820e-002,
       3.63511555e-002, 2.22642720e-002, 4.71410826e-002,
       2.72081140e-003, 2.27279123e-002, -2.64315978e-002,
       1.72826108e-002, -6.99224621e-002, -2.44035162e-002,
       1.46710575e-002, 2.44035162e-002, 1.46710575e-002,
       -6.00698255e-002, 7.66854659e-002, -3.69818993e-002,
       6.02125004e-002, -1.38114030e-002, 5.44516332e-002,
       -3.67075155e-011, 5.68522699e-002, 1.38114020e-002,
       5.44516332e-002, 3.69818993e-002, 6.02125004e-002,
       6.00698255e-002, 7.66854659e-002, 4.53925580e-002,
       9.44282860e-002, 2.44998895e-002, 1.03599757e-001,
       -3.78757442e-011, 1.06039293e-001, -2.44998895e-002,
       1.03599757e-001, -4.53925580e-002, 9.44282860e-002,
       -2.76669953e-002, 8.33091810e-002, -3.49573773e-011,
       8.70568752e-002, 2.76669953e-002, 8.33091810e-002,
       2.75817141e-002, 7.12923482e-002, -3.73505775e-011,
       7.14981928e-002, -2.75817141e-002, 7.12923482e-002,
       -4.04234077e-011, 7.89372250e-002, -4.14778385e-011,
       -1.53452856e-004, -8.45610350e-002, -7.49074072e-002,
       -5.82584515e-002, -7.46675134e-002, -5.81912808e-002,
       -6.33607581e-002, -8.45052153e-002, -6.36103153e-002,
       8.45610350e-002, -7.49074072e-002, 5.82584515e-002,
       -7.46675134e-002, 5.81912808e-002, -6.33607581e-002,
       8.45052153e-002, -6.36103153e-002 ]
