%YAML:1.0
V: !!opencv-matrix
   rows: 152
   cols: 17
   dt: f
   data: [ -1.53261766e-001, 6.80753142e-002, 1.14707865e-001,
       1.90257560e-010, 2.71890193e-001, -9.50990524e-003,
       -1.73040122e-001, 5.79314046e-002, 7.50955045e-002,
       5.84719926e-002, -5.71402647e-002, 1.12503901e-001,
       -3.29946317e-002, -9.14991722e-002, 6.54886244e-003,
       7.90377334e-002, -3.05306762e-001, -6.80753142e-002,
       -1.53261766e-001, -1.90247637e-010, 1.14707865e-001,
       3.12918909e-002, 1.33484989e-001, 2.14333949e-003,
       1.01852156e-001, 8.12380239e-002, 2.22484265e-002,
       -3.05183139e-003, 5.75326197e-003, 1.44978896e-001,
       8.61011818e-003, -4.59512882e-002, 3.06431502e-002,
       1.28550753e-002, -1.54555574e-001, 1.77951548e-002,
       1.14707865e-001, 1.62872868e-010, 2.67374039e-001,
       -5.54622747e-002, -1.33957669e-001, 7.06710145e-002,
       7.96852559e-002, 1.19058751e-002, -7.42639452e-002,
       1.78270459e-001, -2.27903463e-002, -4.54563834e-002,
       2.38403236e-003, 9.74020734e-002, -1.18123017e-001,
       -1.77951548e-002, -1.54555574e-001, -1.62870273e-010,
       1.14707865e-001, 1.54993730e-002, 7.73749277e-002,
       -1.32441204e-002, 7.06815943e-002, 8.79637450e-002,
       3.20551731e-002, 6.50518835e-002, 7.87218288e-002,
       1.55160099e-001, 6.44095093e-002, -1.43829003e-001,
       1.22541964e-001, 6.27353489e-002, -1.49707317e-001,
       -2.87823919e-002, 1.14707865e-001, 1.31529454e-010,
       2.72684753e-001, -1.11017190e-001, -1.20864458e-001,
       8.95299837e-002, 8.63197818e-002, -2.75274031e-002,
       -7.01806396e-002, 1.91634238e-001, -3.06678209e-002,
       -4.58769090e-002, -5.05795255e-002, 5.88172153e-002,
       -1.00566685e-001, 2.87823919e-002, -1.49707317e-001,
       -1.31533659e-010, 1.14707865e-001, 3.40175838e-003,
       -1.69256073e-003, -3.17603461e-002, 3.70837711e-002,
       4.28612009e-002, 2.22704653e-002, 1.84588447e-001,
       3.73250209e-002, 1.63497582e-001, 1.41140923e-003,
       -1.35641739e-001, 1.14331447e-001, 2.71007903e-002,
       -1.39167801e-001, -7.77601302e-002, 1.14707865e-001,
       9.31937999e-011, 2.79515624e-001, -2.16676459e-001,
       -6.39056340e-002, 1.34137169e-001, 4.09394875e-002,
       -9.50732976e-002, 3.35179968e-003, 1.35729179e-001,
       -1.72176454e-002, -1.79404188e-002, -8.53153393e-002,
       -5.41718751e-002, 4.18545306e-002, 7.77601302e-002,
       -1.39167801e-001, -9.32051242e-011, 1.14707865e-001,
       2.34462433e-002, -8.27262774e-002, -5.36215566e-002,
       1.40963271e-002, 2.62896009e-002, -7.06343502e-002,
       3.61523300e-001, -3.14832628e-002, 9.35252607e-002,
       2.78114937e-002, -5.90757877e-002, 3.64103429e-002,
       7.38100633e-002, -1.18855029e-001, -1.23219229e-001,
       1.14707865e-001, 4.72062979e-011, 2.10445702e-001,
       -2.49195218e-001, -3.94288935e-002, 1.36493430e-001,
       -1.19991750e-002, -9.30525959e-002, 9.61015448e-002,
       8.90744328e-002, -8.43485296e-002, -3.35524529e-002,
       -8.00960660e-002, -1.80241108e-001, 1.80992007e-001,
       1.23219229e-001, -1.18855029e-001, -4.72242558e-011,
       1.14707865e-001, -4.41190489e-002, 9.19069350e-002,
       -1.30110681e-001, -5.64584136e-002, 7.41020367e-002,
       -5.09055257e-002, 2.95573354e-001, 1.09655567e-001,
       3.94963250e-002, 4.62892391e-002, -3.89116816e-002,
       1.71640478e-002, 1.49815992e-001, -8.73853564e-002,
       -1.55388385e-001, 1.14707865e-001, -2.22999787e-012,
       1.05113842e-001, -1.80434182e-001, -2.11852025e-002,
       9.26841423e-002, -2.16521528e-002, -5.77310696e-002,
       1.42004848e-001, 3.31279524e-002, -1.39941737e-001,
       -7.61749297e-002, -4.20244820e-002, -1.59408361e-001,
       2.08287001e-001, 1.55388385e-001, -8.73853564e-002,
       2.20735474e-012, 1.14707865e-001, -4.83834520e-002,
       1.45168096e-001, -1.84393913e-001, -7.62343258e-002,
       4.27249521e-002, 2.51308037e-003, 1.69766873e-001,
       1.74690381e-001, 6.02839664e-002, -2.86611617e-002,
       1.10740587e-002, -7.34341145e-002, 7.42936060e-002,
       -4.70504090e-002, -1.79118872e-001, 1.14707865e-001,
       -5.56161263e-011, -4.81616380e-003, -6.17053956e-002,
       -1.84757616e-002, 2.55376529e-002, -1.26235075e-002,
       -7.78443739e-003, 7.55377635e-002, -3.16447318e-002,
       -1.34424895e-001, -7.23173246e-002, -4.06472944e-003,
       -5.84291108e-002, 3.03429067e-002, 1.79118872e-001,
       -4.70504090e-002, 5.55900326e-011, 1.14707865e-001,
       -2.60229390e-002, 9.98048112e-002, -2.00015813e-001,
       -5.09064272e-002, -6.37303293e-002, 5.75566180e-002,
       7.49570280e-002, 1.92622274e-001, 3.66754383e-002,
       -1.20768547e-001, 5.68190962e-002, -2.30611548e-001,
       -7.37292040e-003, -4.07146747e-011, -1.87799990e-001,
       1.14707865e-001, -1.07059139e-010, -5.31507246e-002,
       1.90130987e-008, -3.90327859e-009, -5.16372145e-009,
       -6.53148780e-009, 2.88098301e-009, -7.69252935e-003,
       6.26450074e-008, -1.10749938e-001, -4.50847999e-008,
       6.09020887e-008, 6.93057700e-008, -4.06218703e-008,
       1.87799990e-001, -4.11011017e-011, 1.07031786e-010,
       1.14707865e-001, 2.84907529e-008, 7.78636262e-002,
       -2.01687858e-001, -3.34778689e-002, -9.60136205e-002,
       8.06933492e-002, -1.60021642e-007, 1.94603309e-001,
       1.95149156e-007, -1.20492272e-001, 6.91074356e-002,
       -2.83102393e-001, -2.43972298e-002, 4.70504090e-002,
       -1.79118872e-001, 1.14707865e-001, -1.48604462e-010,
       -4.81613073e-003, 6.17054142e-002, 1.84757449e-002,
       -2.55376957e-002, 1.26234386e-002, 7.78466137e-003,
       7.55378082e-002, 3.16448212e-002, -1.34424821e-001,
       7.23171234e-002, 4.06495435e-003, 5.84293678e-002,
       -3.03430427e-002, 1.79118872e-001, 4.70504090e-002,
       1.48578372e-010, 1.14707865e-001, 2.60229986e-002,
       9.98047814e-002, -2.00015917e-001, -5.09064011e-002,
       -6.37302771e-002, 5.75566180e-002, -7.49569684e-002,
       1.92622706e-001, -3.66751663e-002, -1.20768562e-001,
       5.68191372e-002, -2.30611563e-001, -7.37298513e-003,
       8.73853564e-002, -1.55388385e-001, 1.14707865e-001,
       -1.74934525e-010, 1.05113886e-001, 1.80434063e-001,
       2.11851988e-002, -9.26840678e-002, 2.16521844e-002,
       5.77312671e-002, 1.42004833e-001, -3.31275724e-002,
       -1.39941648e-001, 7.61748403e-002, 4.20244373e-002,
       1.59408867e-001, -2.08287150e-001, 1.55388385e-001,
       8.73853564e-002, 1.74911877e-010, 1.14707865e-001,
       4.83835377e-002, 1.45168155e-001, -1.84393808e-001,
       -7.62343854e-002, 4.27248627e-002, 2.51264079e-003,
       -1.69766948e-001, 1.74690530e-001, -6.02839142e-002,
       -2.86612269e-002, 1.10743474e-002, -7.34340772e-002,
       7.42934793e-002, 1.18855029e-001, -1.23219229e-001,
       1.14707865e-001, -1.87693472e-010, 2.10445791e-001,
       2.49195084e-001, 3.94289754e-002, -1.36493340e-001,
       1.19991265e-002, 9.30527300e-002, 9.61015597e-002,
       -8.90744105e-002, -8.43484327e-002, 3.35526429e-002,
       8.00959840e-002, 1.80240452e-001, -1.80991367e-001,
       1.23219229e-001, 1.18855029e-001, 1.87675514e-010,
       1.14707865e-001, 4.41191122e-002, 9.19068828e-002,
       -1.30110472e-001, -5.64584807e-002, 7.41020218e-002,
       -5.09064905e-002, -2.95573503e-001, 1.09655589e-001,
       -3.94962914e-002, 4.62890752e-002, -3.89118381e-002,
       1.71640646e-002, 1.49816036e-001, 1.39167801e-001,
       -7.77601302e-002, 1.14707865e-001, -1.81851229e-010,
       2.79515803e-001, 2.16676474e-001, 6.39056265e-002,
       -1.34137154e-001, -4.09395397e-002, 9.50732604e-002,
       3.35157313e-003, -1.35729179e-001, -1.72171835e-002,
       1.79402549e-002, 8.53152201e-002, 5.41718416e-002,
       -4.18545604e-002, 7.77601302e-002, 1.39167801e-001,
